24 -1 105 -3.5 15 6 : 65.2173  ::: 0 0 0 0 0 0 : 999999
24 -1 105 -3.5 15 6 : 65.2173  ::: 28 0 109 -5 -36 -13 : 59.4581
24 -1 105 -3.5 15 6.25 : 62.8162  ::: 28 0 109 -5 -36 -13 : 59.4581
24 -1 105 -3.5 15 6.25 : 62.8162  ::: 28 0 109 -5 -36 -12.75 : 57.2165
24 -1 105 -3.5 15 6.5 : 60.5696  ::: 28 0 109 -5 -36 -12.75 : 57.2165
24 -1 105 -3.5 15 6.5 : 60.5696  ::: 28 0 109 -5 -36 -12.5 : 55.7264
24 -1 105 -3.5 15 6.75 : 58.4472  ::: 28 0 109 -5 -36 -12.5 : 55.7264
24 -1 105 -3.5 15 6.75 : 58.4472  ::: 28 0 109 -5 -36 -12.25 : 54.2081
24 -1 105 -3.5 15 7 : 56.5579  ::: 28 0 109 -5 -36 -12.25 : 54.2081
24 -1 105 -3.5 15 7 : 56.5579  ::: 28 0 109 -5 -36 -12 : 52.8789
24 -1 105 -3.5 15.25 6 : 35.3758  ::: 28 0 109 -5 -36 -12 : 52.8789
24 -1 105 -3.5 15.25 6 : 35.3758  ::: 28 0 109 -5 -35.75 -13 : 32.8877
24 -1 105 -3.5 15.25 6.25 : 33.5662  ::: 28 0 109 -5 -35.75 -13 : 32.8877
24 -1 105 -3.5 15.25 6.25 : 33.5662  ::: 28 0 109 -5 -35.75 -12.75 : 31.4509
24 -1 105 -3.5 15.25 6.5 : 32.0151  ::: 28 0 109 -5 -35.75 -12.75 : 31.4509
24 -1 105 -3.5 15.25 6.5 : 32.0151  ::: 28 0 109 -5 -35.75 -12.5 : 30.3976
24 -1 105 -3.5 15.25 6.75 : 30.7265  ::: 28 0 109 -5 -35.75 -12.5 : 30.3976
24 -1 105 -3.5 15.25 6.75 : 30.7265  ::: 28 0 109 -5 -35.75 -12.25 : 29.4983
24 -1 105 -3.5 15.25 7 : 29.3828  ::: 28 0 109 -5 -35.75 -12.25 : 29.4983
24 -1 105 -3.5 15.25 7 : 29.3828  ::: 28 0 109 -5 -35.75 -12 : 28.8113
24 -1 105 -3.5 15.5 6 : 17.4133  ::: 28 0 109 -5 -35.75 -12 : 28.8113
24 -1 105 -3.5 15.5 6 : 17.4133  ::: 28 0 109 -5 -35.5 -13 : 16.4284
24 -1 105 -3.5 15.5 6.25 : 16.3993  ::: 28 0 109 -5 -35.5 -13 : 16.4284
24 -1 105 -3.5 15.5 6.25 : 16.3993  ::: 28 0 109 -5 -35.5 -12.75 : 15.6975
24 -1 105 -3.5 15.5 6.5 : 15.5648  ::: 28 0 109 -5 -35.5 -12.75 : 15.6975
24 -1 105 -3.5 15.5 6.5 : 15.5648  ::: 28 0 109 -5 -35.5 -12.5 : 15.0485
24 -1 105 -3.5 15.5 6.75 : 14.8945  ::: 28 0 109 -5 -35.5 -12.5 : 15.0485
24 -1 105 -3.5 15.5 6.75 : 14.8945  ::: 28 0 109 -5 -35.5 -12.25 : 14.8405
24 -1 105 -3.5 15.5 7 : 14.4599  ::: 28 0 109 -5 -35.5 -12.25 : 14.8405
24 -1 105 -3.5 15.5 7 : 14.4599  ::: 28 0 109 -5 -35.5 -12 : 14.7091
24 -1 105 -3.5 15.75 6 : 11.5233  ::: 28 0 109 -5 -35.5 -12 : 14.7091
24 -1 105 -3.5 15.75 6 : 11.5233  ::: 28 0 109 -5 -35.25 -13 : 10.0525
24 -1 105 -3.5 15.75 6.25 : 11.2419  ::: 28 0 109 -5 -35.25 -13 : 10.0525
24 -1 105 -3.5 15.75 6.25 : 11.2419  ::: 28 0 109 -5 -35.25 -12.75 : 9.81242
24 -1 105 -3.5 15.75 6.5 : 11.1646  ::: 28 0 109 -5 -35.25 -12.75 : 9.81242
24 -1 105 -3.5 15.75 6.5 : 11.1646  ::: 28 0 109 -5 -35.25 -12.5 : 9.77703
24 -1 105 -3.5 15.75 6.5 : 11.1646  ::: 28 0 109 -4.75 -35.5 -13 : 9.05659
24 -1 105 -3.25 15.5 6.25 : 10.6052  ::: 28 0 109 -4.75 -35.5 -13 : 9.05659
24 -1 105 -3.25 15.5 6.25 : 10.6052  ::: 28 0 109 -4.75 -35.5 -12.75 : 8.141
24 -1 105 -3.25 15.5 6.5 : 9.7489  ::: 28 0 109 -4.75 -35.5 -12.75 : 8.141
24 -1 105 -3.25 15.5 6.5 : 9.7489  ::: 28 0 109 -4.75 -35.5 -12.5 : 7.5395
24 -1 105 -3.25 15.5 6.75 : 9.10345  ::: 28 0 109 -4.75 -35.5 -12.5 : 7.5395
24 -1 105 -3.25 15.5 6.75 : 9.10345  ::: 28 0 109 -4.75 -35.5 -12.25 : 7.17973
24 -1 105 -3.25 15.5 7 : 8.65648  ::: 28 0 109 -4.75 -35.5 -12.25 : 7.17973
24 -1 105 -3.25 15.5 7 : 8.65648  ::: 28 0 109 -4.75 -35.5 -12 : 7.06687
24 -1 105 -3.25 15.75 6 : 4.35922  ::: 28 0 109 -4.75 -35.5 -12 : 7.06687
24 -1 105 -3.25 15.75 6 : 4.35922  ::: 28 0 109 -4.75 -35.25 -13 : 4.21471
24 -1 105 -3.25 15.75 6.25 : 4.06934  ::: 28 0 109 -4.75 -35.25 -13 : 4.21471
24 -1 105 -3.25 15.75 6.25 : 4.06934  ::: 28 0 109 -4.75 -35.25 -12.75 : 3.88306
24 -1 105 -3.25 15.75 6.5 : 3.90979  ::: 28 0 109 -4.75 -35.25 -12.75 : 3.88306
24 -1 105 -3.25 15.75 6.5 : 3.90979  ::: 28 0 109 -4.75 -35.25 -12.5 : 3.82023
24 -1 105 -3 15.75 6 : 1.83805  ::: 28 0 109 -4.75 -35.25 -12.5 : 3.82023
24 -1 105 -3 15.75 6.25 : 1.54199  ::: 28 0 109 -4.75 -35.25 -12.5 : 3.82023
24 -1 105 -3 15.75 6.5 : 1.41305  ::: 28 0 109 -4.75 -35.25 -12.5 : 3.82023
24 -1 105 -3 15.75 6.5 : 1.41305  ::: 28 0 109.25 -4.75 -35.25 -12.75 : 3.66368
24 -1 105 -3 15.75 6.5 : 1.41305  ::: 28 0 109.25 -4.75 -35.25 -12.5 : 3.58921
24 -1 105.25 -3 15.75 6.5 : 1.38941  ::: 28 0 109.25 -4.75 -35.25 -12.5 : 3.58921
24 -1 105.25 -3 15.75 6.5 : 1.38941  ::: 28 0 109.5 -4.75 -35.25 -12.75 : 3.47284
24 -1 105.25 -3 15.75 6.5 : 1.38941  ::: 28 0 109.5 -4.75 -35.25 -12.5 : 3.41581
24 -1 105.5 -3 15.75 6.5 : 1.38622  ::: 28 0 109.5 -4.75 -35.25 -12.5 : 3.41581
24 -1 105.5 -3 15.75 6.5 : 1.38622  ::: 28 0 109.75 -4.75 -35.25 -12.75 : 3.31258
24 -1 105.5 -3 15.75 6.5 : 1.38622  ::: 28 0 109.75 -4.75 -35.25 -12.5 : 3.30058
24 -1 105.5 -3 15.75 6.5 : 1.38622  ::: 28 0 110 -4.75 -35.25 -12.75 : 3.28503
24 -1 105.5 -3 15.75 6.5 : 1.38622  ::: 28 0 110 -4.75 -35.25 -12.5 : 3.20988
24 -1 105.5 -3 15.75 6.5 : 1.38622  ::: 28 0 110.25 -4.75 -35.25 -12.75 : 3.16401
24 -1 105.5 -3 15.75 6.5 : 1.38622  ::: 28 0 110.25 -4.75 -35.25 -12.5 : 3.11803
24 -1 105.5 -3 15.75 6.5 : 1.38622  ::: 28 0.25 110.5 -4.75 -35.5 -12.5 : 3.04173
24 -0.5 105 -3 15.5 6.5 : 1.34206  ::: 28 0.25 110.5 -4.75 -35.5 -12.5 : 3.04173
24 -0.5 105.25 -3 15.5 6.5 : 1.32036  ::: 28 0.25 110.5 -4.75 -35.5 -12.5 : 3.04173
24 -0.5 105.5 -3 15.5 6.5 : 1.31419  ::: 28 0.25 110.5 -4.75 -35.5 -12.5 : 3.04173
24 -0.5 105.75 -3 15.5 6.5 : 1.30252  ::: 28 0.25 110.5 -4.75 -35.5 -12.5 : 3.04173
24 -0.5 105.75 -3 15.5 6.5 : 1.30252  ::: 28 0.75 110.5 -4.75 -35.75 -12.5 : 2.98782
24 -0.5 105.75 -3 15.5 6.5 : 1.30252  ::: 28 0.75 110.5 -4.75 -35.75 -12.25 : 2.96145
24 -0.5 105.75 -3 15.5 6.5 : 1.30252  ::: 28.25 0.25 109.5 -4.5 -35.5 -12.25 : 2.9489
24 -0.5 105.75 -3 15.5 6.5 : 1.30252  ::: 28.25 0.25 109.75 -4.5 -35.5 -12.25 : 2.88949
24 -0.5 105.75 -3 15.5 6.5 : 1.30252  ::: 28.25 0.75 109.75 -4.5 -35.75 -12.25 : 2.85703
24.5 0 106 -2.75 15.25 6.5 : 1.27612  ::: 28.25 0.75 109.75 -4.5 -35.75 -12.25 : 2.85703
24.5 0 106.25 -2.75 15.25 6.5 : 1.25853  ::: 28.25 0.75 109.75 -4.5 -35.75 -12.25 : 2.85703
